0 0 0
25 25 25
50
0 0 0.001 0.100000
0 0 1.001 0.100000
0 1 0.001 0.100000
0 1 1.001 0.100000
0 2 0.001 0.100000
0 2 1.001 0.100000
0 3 0.001 0.100000
0 3 1.001 0.100000
0 4 0.001 0.100000
0 4 1.001 0.100000
1 0 0.001 0.100000
1 0 1.001 0.100000
1 1 0.001 0.100000
1 1 1.001 0.100000
1 2 0.001 0.100000
1 2 1.001 0.100000
1 3 0.001 0.100000
1 3 1.001 0.100000
1 4 0.001 0.100000
1 4 1.001 0.100000
2 0 0.001 0.100000
2 0 1.001 0.100000
2 1 0.001 0.100000
2 1 1.001 0.100000
2 2 0.001 0.100000
2 2 1.001 0.100000
2 3 0.001 0.100000
2 3 1.001 0.100000
2 4 0.001 0.100000
2 4 1.001 0.100000
3 0 0.001 0.100000
3 0 1.001 0.100000
3 1 0.001 0.100000
3 1 1.001 0.100000
3 2 0.001 0.100000
3 2 1.001 0.100000
3 3 0.001 0.100000
3 3 1.001 0.100000
3 4 0.001 0.100000
3 4 1.001 0.100000
4 0 0.001 0.100000
4 0 1.001 0.100000
4 1 0.001 0.100000
4 1 1.001 0.100000
4 2 0.001 0.100000
4 2 1.001 0.100000
4 3 0.001 0.100000
4 3 1.001 0.100000
4 4 0.001 0.100000
4 4 1.001 0.100000
0.01000
0.000000 0.000000 -9.870000
1.000000
0.000000
0
1
0
1
0.010000